ppfn=vacpsat
na=64
ch1=1
sf1=55.299729000000
ch2=2
sf2=219.911876000000
pwSat=0.000004000000s
tdel=0.000010000000s
no_sat=250
sd=0.500000000000
pw90H=0.000005100000s
tangsteps=1000
tm=0.000002000000s
ct=0.002000000000s
b=0.080000000000
delta=0.000000000000
sw=80.000000000000
dw=0.000012500000s
aqtm=0.003200000000s
ad=0.000013000000s
rd=0.000005000000s
pd=3.000000000000s
aH=0.320000000000
aHcp=0.320000000000
aHdec=0.700000000000
scH=1.000000000000
aXcp=0.620000000000
scX=1.000000000000
rphs=77.699997000000
al=256
dp=0
rb=104.000000000000
txduty1=0.010000000000
rg=10.000000000000
time1d=3.272238000000
