ppfn=cp_sd_2d
na=8
ch1=1
sf1=75.231440000000
ch2=2
sf2=299.166646900000
pw90H=0.000002500000s
pw90X=0.000002500000s
pw=0.000005200000s
dw=0.000040000000s
dw1=0.000040000000s
sw=25.000000000000
sw1=25.000000000000
ct=0.001550000000s
ctstp=0.000010000000s
rd=0.000010000000s
ad=0.000010000000s
pd=5.000000000000s
aqtm=0.020480000000s
mix=0.500000000000s
aH=0.890000000000
aX=0.910000000000
aHcp=0.890000000000
aXcp=0.740000000000
aHdec=0.890000000000
aXvar=0.040000000000
aHmix=0.000000000000
cp_b=1.000000000000
scH=1.000000000000
p2=18.799999000000
scX=1.000000000000
al=1024
al2=256
dp=2
rb=32.500000000000
rg=1000.000000000000
scl_fac=1.300000000000
txduty1=0.004700000000
temp=-999.000000000000
speed=7.000000000000
extm=5.522057000000s
time1d=1.472548000000
time2d=6.282873000000
